
 Матрица L size = 5
  1,00  0,00  0,00  0,00  0,00
 -1,50  1,00  0,00  0,00  0,00
 -1,25  0,70  1,00  0,00  0,00
  1,25 -0,47 -0,80  1,00  0,00
 -2,00  0,80  1,35  4,30  1,00


 Матрица U size = 5
  -4,00   9,00   7,00  -2,00   1,00
   0,00  17,50 -43,50   4,00   7,50
   0,00   0,00  30,20  -6,30  -2,00
   0,00   0,00   0,00   3,33  -2,32
   0,00   0,00   0,00   0,00   2,69


 Матрица А size = 5
  -4,00   9,00   7,00  -2,00   1,00
   6,00   4,00 -54,00   7,00   6,00
   5,00   1,00  -9,00  -1,00   2,00
  -5,00   3,00   5,00   4,00  -3,00
   8,00  -4,00  -8,00  13,00  -6,00


 Матрица L*U size = 5
  -4,00   9,00   7,00  -2,00   1,00
   6,00   4,00 -54,00   7,00   6,00
   5,00   1,00  -9,00  -1,00   2,00
  -5,00   3,00   5,00   4,00  -3,00
   8,00  -4,00  -8,00  13,00  -6,00

  Determinant_JO(A) = -18906,000
