
   size = 9
  14,40  19,80  -9,80  -8,40   1,20   9,40 -13,60  -1,60  -5,40
  -5,60   5,00  -8,80  -7,80   5,20   3,80  18,00   1,20 -18,80
  11,00   7,80   8,40  -3,60 -16,80  -4,60 -12,60   7,60 -13,60
 -14,60   6,00   8,80  -5,40  -1,40   1,80   5,80  -7,80   5,00
   7,40  13,00   1,80  11,00 -11,20  16,40  -6,40  15,00  -6,80
 -13,60  -5,40  -7,40   1,80   2,20   2,80 -10,20   0,20  11,60
 -14,40   3,00 -13,40  16,40  -6,60 -18,40  -7,20   8,80   5,80
  -9,80  12,80  10,40 -17,80  -8,80 -12,40  -7,40   5,20  -0,60
  11,00  -1,40  12,20 -17,60 -11,60 -18,20 -19,40 -10,20  13,80

